8	5	30
"CocaCola"						0.00	17.86	10.70	17.25	2.39	4.17	4.77	3.40	2.35	6.38	7.61	10.49	7.25
"Frigochaco"					17.86	0.00	10.40	16.85	20.22	13.83	18.65	14.51	17.32	15.64	22.11	24.15	22.96
"Pechugon"						10.70	10.40	0.00	8.90	12.61	6.87	9.32	7.67	11.53	12.59	17.54	20.27	17.66
"Granja Maehara (Yemita)"		17.25	16.85	8.90	0.00	18.34	14.54	13.60	15.18	18.85	20.93	24.80	27.67	24.49
"Mazzei"						2.39	20.22	12.61	18.34	0.00	6.44	4.91	5.72	4.01	8.11	7.34	10.13	6.49
"Cervepar"						4.17	13.83	6.87	14.54	6.44	0.00	5.69	0.81	4.65	6.53	10.68	13.45	10.79
"Pulp"							4.77	18.65	9.32	13.60	4.91	5.69	0.00	5.50	7.06	10.82	12.07	14.92	11.37
"Laboratorios Lasca"			3.40	14.51	7.67	15.18	5.72	0.81	5.50	0.00	3.87	6.06	9.91	12.70	9.99
"Mercado Municipal de Abasto"	2.35	17.32	11.53	18.85	4.01	4.65	7.06	3.87	0.00	4.13	6.05	8.87	6.17
"Estacion Botanico"				6.38	15.64	12.59	20.93	8.11	6.53	10.82	6.06	4.13	0.00	6.51	8.56	7.58
"Mercado 4"						7.61	22.11	17.54	24.80	7.34	10.68	12.07	9.91	6.05	6.51	0.00	2.88	1.66
"Puerto de Asunción"			10.49	24.15	20.27	27.67	10.13	13.45	14.92	12.70	8.87	8.56	2.88	0.00	3.76
"CDC IPS Lambare"				7.25	22.96	17.66	24.49	6.49	10.79	11.37	9.99	6.17	7.58	1.66	3.76	0.00
"Mercado Municipal de Abasto"	0.00	4.13	6.05	8.87	6.17	7.92	0.58	1.92	6.21	4.33	3.20	5.32	7.24	7.59	10.77	4.45	7.97	6.62	4.66	4.12	5.49	9.11	1.94	2.30	3.43	2.57	4.62	6.03	7.05	8.03	3.96	4.35	3.62	3.07	4.14
"Estacion Botanico"				4.13	0.00	6.51	8.56	7.58	6.92	3.55	4.51	6.11	5.16	4.41	6.18	7.19	7.53	10.92	1.38	8.58	8.53	5.42	2.28	6.05	9.16	3.33	2.35	6.11	1.75	4.54	3.10	4.06	8.40	6.48	3.53	2.07	6.90	4.84
"Mercado 4"						6.05	6.51	0.00	2.88	1.66	13.05	5.92	7.92	0.86	1.73	2.87	0.81	1.29	1.60	4.76	5.35	2.10	2.84	1.39	8.36	0.56	3.06	4.36	6.98	3.54	6.59	1.98	9.61	10.57	2.03	3.24	3.00	4.45	5.71	9.82
"Puerto de Asunción"			8.87	8.56	2.88	0.00	3.76	15.40	8.69	10.70	2.69	4.55	5.67	3.69	1.63	1.28	2.43	7.22	1.96	4.59	4.23	10.66	3.41	0.89	7.07	9.52	6.38	9.04	4.39	11.60	12.46	1.47	6.01	5.15	6.64	8.53	12.45
"CDC IPS Lambare"				6.17	7.58	1.66	3.76	0.00	13.72	6.20	8.09	2.52	2.42	3.35	1.48	2.55	2.70	4.89	6.58	2.08	1.18	2.17	9.17	1.77	3.53	4.85	7.58	2.98	7.31	3.20	10.62	11.62	2.39	2.50	4.25	5.53	4.98	10.21
"Los Jardines"					7.92	6.92	13.05	15.40	13.72	0.00	7.67	6.28	12.82	11.44	10.38	12.52	13.94	14.29	17.69	8.31	15.15	14.38	11.76	4.74	12.52	15.93	8.87	6.14	11.30	6.46	11.13	4.30	4.03	15.05	11.81	10.25	8.76	10.75	3.93
"Salemma Multiplaza"			0.58	3.55	5.92	8.69	6.20	7.67	0.00	2.01	6.01	4.20	3.05	5.23	7.07	7.43	10.68	3.90	7.91	6.75	4.53	3.66	5.37	8.98	1.63	1.81	3.63	2.01	4.36	5.54	6.57	7.94	4.14	3.98	3.12	3.56	4.01
"El Pueblo Mcal Estigarribia"	1.92	4.51	7.92	10.70	8.09	6.28	2.01	0.00	8.02	6.19	5.05	7.21	9.08	9.44	12.67	5.33	9.88	8.51	6.53	3.45	7.36	10.98	3.64	2.17	5.31	2.78	6.36	5.34	6.25	9.93	5.84	5.92	4.84	4.48	2.37
"España"						6.21	6.11	0.86	2.69	2.52	12.82	6.01	8.02	0.00	1.96	3.02	1.45	1.12	1.47	4.87	4.86	2.54	3.70	1.68	8.09	1.04	3.11	4.39	6.86	4.11	6.41	1.72	9.20	10.13	2.29	3.88	2.59	4.09	6.26	9.77
"España Unicompra"				4.33	5.16	1.73	4.55	2.42	11.44	4.20	6.19	1.96	0.00	1.14	1.09	2.93	3.27	6.48	4.20	3.75	3.41	0.34	6.81	1.17	4.79	2.65	5.32	2.31	4.98	1.06	8.21	9.21	3.75	2.25	1.97	3.12	4.40	8.11
"Gran Via"						3.20	4.41	2.87	5.67	3.35	10.38	3.05	5.05	3.02	1.14	0.00	2.20	4.04	4.40	7.62	3.68	4.87	4.16	1.48	5.82	2.31	5.93	1.53	4.25	1.99	3.96	1.58	7.35	8.37	4.89	2.20	1.91	2.50	3.74	6.99
"La Bomba"						5.32	6.18	0.81	3.69	1.48	12.52	5.23	7.21	1.45	1.09	2.20	0.00	2.10	2.41	5.46	5.12	2.68	2.60	0.77	7.88	0.42	3.81	3.72	6.41	2.74	6.07	1.73	9.24	10.23	2.72	2.45	2.78	4.11	4.91	9.18
"Citymarket Cerro Cora"			7.24	7.19	1.29	1.63	2.55	13.94	7.07	9.08	1.12	2.93	4.04	2.10	0.00	0.36	3.76	5.91	1.66	3.61	2.60	9.20	1.80	1.99	5.46	7.97	4.83	7.52	2.83	10.28	11.19	1.29	4.51	3.69	5.20	7.00	10.88
"Citymarket Yegros"				7.59	7.53	1.60	1.28	2.70	14.29	7.43	9.44	1.47	3.27	4.40	2.41	0.36	0.00	3.40	6.24	1.50	3.69	2.95	9.56	2.13	1.64	5.82	8.33	5.12	7.88	3.19	10.61	11.52	1.06	4.78	4.04	5.54	7.28	11.24
"Citymarket Sajonia I"			10.77	10.92	4.76	2.43	4.89	17.69	10.68	12.67	4.87	6.48	7.62	5.46	3.76	3.40	0.00	9.61	2.85	5.21	6.15	12.96	5.32	1.77	9.12	11.70	7.85	11.27	6.58	13.99	14.87	2.74	7.39	7.45	8.95	9.87	14.57
"Citymarket Artigas Sur"		4.45	1.38	5.35	7.22	6.58	8.31	3.90	5.33	4.86	4.20	3.68	5.12	5.91	6.24	9.61	0.00	7.38	7.61	4.41	3.65	4.94	7.86	3.06	3.28	5.59	2.64	3.41	4.38	5.28	7.15	5.87	2.35	1.19	6.78	6.06
"Citymarket 25 de agosto"		7.97	8.58	2.10	1.96	2.08	15.15	7.91	9.88	2.54	3.75	4.87	2.68	1.66	1.50	2.85	7.38	0.00	2.69	3.42	10.46	2.63	1.48	6.39	9.06	5.01	8.69	4.06	11.68	12.63	0.51	4.56	5.06	6.53	7.06	11.86
"Citymarket Campo Via"			6.62	8.53	2.84	4.59	1.18	14.38	6.75	8.51	3.70	3.41	4.16	2.60	3.61	3.69	5.21	7.61	2.69	0.00	3.21	9.95	2.94	4.16	5.57	8.28	3.22	8.08	4.30	11.51	12.53	3.13	2.68	5.33	6.51	4.87	10.74
"Citymarket Pinoza"				4.66	5.42	1.39	4.23	2.17	11.76	4.53	6.53	1.68	0.34	1.48	0.77	2.60	2.95	6.15	4.41	3.42	3.21	0.00	7.11	0.83	4.45	2.98	5.65	2.49	5.30	1.11	8.48	9.48	3.41	2.36	2.12	3.36	4.62	8.45
"Citymarket Primer Presidente"	4.12	2.28	8.36	10.66	9.17	4.74	3.66	3.45	8.09	6.81	5.82	7.88	9.20	9.56	12.96	3.65	10.46	9.95	7.11	0.00	7.85	11.19	4.39	1.85	7.09	1.88	6.41	1.93	2.93	10.34	7.56	5.52	4.02	7.19	2.79
"Superseis Eusebio Ayala"		5.49	6.05	0.56	3.41	1.77	12.52	5.37	7.36	1.04	1.17	2.31	0.42	1.80	2.13	5.32	4.94	2.63	2.94	0.83	7.85	0.00	3.62	3.80	6.44	3.10	6.06	1.53	9.14	10.11	2.58	2.85	2.58	3.98	5.27	9.27
"Superseis Total"				9.11	9.16	3.06	0.89	3.53	15.93	8.98	10.98	3.11	4.79	5.93	3.81	1.99	1.64	1.77	7.86	1.48	4.16	4.45	11.19	3.62	0.00	7.40	9.95	6.36	9.51	4.82	12.23	13.12	1.15	5.94	5.68	7.18	8.46	12.84
"Superseis Los Laureles"		1.94	3.33	4.36	7.07	4.85	8.87	1.63	3.64	4.39	2.65	1.53	3.72	5.46	5.82	9.12	3.06	6.39	5.57	2.98	4.39	3.80	7.40	0.00	2.73	2.81	2.51	2.72	6.03	7.07	6.39	3.22	2.42	1.97	3.73	5.47
"Superseis Denis Roa"			2.30	2.35	6.98	9.52	7.58	6.14	1.81	2.17	6.86	5.32	4.25	6.41	7.97	8.33	11.70	3.28	9.06	8.28	5.65	1.85	6.44	9.95	2.73	0.00	5.30	0.64	5.14	3.74	4.76	9.00	5.79	4.42	3.07	5.36	2.96
"Superseis Cacique Lambare"		3.43	6.11	3.54	6.38	2.98	11.30	3.63	5.31	4.11	2.31	1.99	2.74	4.83	5.12	7.85	5.59	5.01	3.22	2.49	7.09	3.10	6.36	2.81	5.30	0.00	5.23	3.28	8.82	9.86	5.22	0.54	3.88	4.40	2.17	7.57
"Superseis La Galeria"			2.57	1.75	6.59	9.04	7.31	6.46	2.01	2.78	6.41	4.98	3.96	6.07	7.52	7.88	11.27	2.64	8.69	8.08	5.30	1.88	6.06	9.51	2.51	0.64	5.23	0.00	4.70	3.61	4.65	8.60	5.69	3.91	2.49	5.55	3.53
"Superseis Mundimark"			4.62	4.54	1.98	4.39	3.20	11.13	4.36	6.36	1.72	1.06	1.58	1.73	2.83	3.19	6.58	3.41	4.06	4.30	1.11	6.41	1.53	4.82	2.72	5.14	3.28	4.70	0.00	7.63	8.59	3.93	3.28	1.06	2.47	5.26	8.05
"Superseis El Portal"			6.03	3.10	9.61	11.60	10.62	4.30	5.54	5.34	9.20	8.21	7.35	9.24	10.28	10.61	13.99	4.38	11.68	11.51	8.48	1.93	9.14	12.23	6.03	3.74	8.82	3.61	7.63	0.00	1.04	11.50	9.26	6.63	5.16	9.09	4.13
"Shopping Mariano"				7.05	4.06	10.57	12.46	11.62	4.03	6.57	6.25	10.13	9.21	8.37	10.23	11.19	11.52	14.87	5.28	12.63	12.53	9.48	2.93	10.11	13.12	7.07	4.76	9.86	4.65	8.59	1.04	0.00	12.42	10.29	7.57	6.13	10.12	4.79
"Stock Barrio Obrero"			8.03	8.40	2.03	1.47	2.39	15.05	7.94	9.93	2.29	3.75	4.89	2.72	1.29	1.06	2.74	7.15	0.51	3.13	3.41	10.34	2.58	1.15	6.39	9.00	5.22	8.60	3.93	11.50	12.42	0.00	4.79	4.88	6.37	7.31	11.85
"Stock Lambaré"					3.96	6.48	3.24	6.01	2.50	11.81	4.14	5.84	3.88	2.25	2.20	2.45	4.51	4.78	7.39	5.87	4.56	2.68	2.36	7.56	2.85	5.94	3.22	5.79	0.54	5.69	3.28	9.26	10.29	4.79	0.00	4.00	4.68	2.52	8.10
"Stock Brasilia"				4.35	3.53	3.00	5.15	4.25	10.25	3.98	5.92	2.59	1.97	1.91	2.78	3.69	4.04	7.45	2.35	5.06	5.33	2.12	5.52	2.58	5.68	2.42	4.42	3.88	3.91	1.06	6.63	7.57	4.88	4.00	0.00	1.50	5.62	7.38
"Stock IPS"						3.62	2.07	4.45	6.64	5.53	8.76	3.12	4.84	4.09	3.12	2.50	4.11	5.20	5.54	8.95	1.19	6.53	6.51	3.36	4.02	3.98	7.18	1.97	3.07	4.40	2.49	2.47	5.16	6.13	6.37	4.68	1.50	0.00	5.67	6.02
"Stock Villla Elisa"			3.07	6.90	5.71	8.53	4.98	10.75	3.56	4.48	6.26	4.40	3.74	4.91	7.00	7.28	9.87	6.78	7.06	4.87	4.62	7.19	5.27	8.46	3.73	5.36	2.17	5.55	5.26	9.09	10.12	7.31	2.52	5.62	5.67	0.00	6.84
"Stock Mcal Lopez"				4.14	4.84	9.82	12.45	10.21	3.93	4.01	2.37	9.77	8.11	6.99	9.18	10.88	11.24	14.57	6.06	11.86	10.74	8.45	2.79	9.27	12.84	5.47	2.96	7.57	3.53	8.05	4.13	4.79	11.85	8.10	7.38	6.02	6.84	0.00
200		100		0		100		100		200		200		100		
200		200		100		100		300		0		300		300		
0		0		100		0		100		100		100		100		
500		0		100		100		200		300		100		100		
300		0		200		300		0		100		0		100		
100		100		100		200		100		200		100		0		
0		200		300		100		0		0		300		200		
0		0		200		0		100		0		0		100		
300		0		100		100		100		300		200		100		
100		0		0		0		100		200		100		700		
0		200		200		400		200		0		0		200		
100		100		0		100		300		0		0		200		
100		200		100		100		0		300		0		200		
0		100		200		100		400		100		100		0		
200		300		100		100		0		200		100		0		
100		200		300		0		100		300		600		100		
300		300		0		300		300		300		200		0		
200		100		100		100		0		0		0		300		
300		0		100		100		0		0		200		200		
0		200		100		200		200		0		0		100		
100		600		200		200		500		100		200		300		
100		300		100		100		200		100		100		0		
0		100		400		0		0		0		100		0		
0		300		400		100		100		200		0		0		
100		200		0		100		200		100		0		0		
100		0		100		100		0		200		300		200		
100		0		100		100		0		300		200		0		
400		200		100		400		0		100		100		300		
0		0		100		100		200		200		100		0		
100		0		100		300		200		100		300		100
"Fuso Canter 7C15"		5500		673.53	408		8
"Renault Master SWB"	1600		443.82	204		8
"Renault Master LWB"	1400		415.37	189		7
"Renault Kangoo"		800			400.0	180		8
"Fiat Fiorino Van"		700			392.61	161		7