6	4	20
"CocaCola"						0.00	17.86	10.70	17.25	2.39	4.17	2.35	6.38	7.61	10.49
"Frigochaco"					17.86	0.00	10.40	16.85	20.22	13.83	17.32	15.64	22.11	24.15
"Pechugon"						10.70	10.40	0.00	8.90	12.61	6.87	11.53	12.59	17.54	20.27
"Granja Maehara (Yemita)"		17.25	16.85	8.90	0.00	18.34	14.54	18.85	20.93	24.80	27.67
"Mazzei"						2.39	20.22	12.61	18.34	0.00	6.44	4.01	8.11	7.34	10.13
"Cervepar"						4.17	13.83	6.87	14.54	6.44	0.00	4.65	6.53	10.68	13.45
"Mercado Municipal de Abasto"	2.35	17.32	11.53	18.85	4.01	4.65	0.00	4.13	6.05	8.87
"Estacion Botanico"				6.38	15.64	12.59	20.93	8.11	6.53	4.13	0.00	6.51	8.56
"Mercado 4"						7.61	22.11	17.54	24.80	7.34	10.68	6.05	6.51	0.00	2.88
"Puerto de Asunción"			10.49	24.15	20.27	27.67	10.13	13.45	8.87	8.56	2.88	0.00
"Mercado Municipal de Abasto"	0.00	4.13	6.05	8.87	7.92	7.05	5.32	3.20	6.21	4.33	5.49	9.11	1.94	3.62	4.35	3.96	8.03	6.64	7.24	2.40	4.98	4.22	9.78	3.13
"Estacion Botanico"				4.13	0.00	6.51	8.56	6.92	4.06	6.18	4.41	6.11	5.16	6.05	9.16	3.33	2.07	3.53	6.48	8.40	7.76	7.19	5.18	3.95	5.64	9.75	2.86
"Mercado 4"						6.05	6.51	0.00	2.88	13.05	10.57	0.81	2.87	0.86	1.73	0.56	3.06	4.36	4.45	3.00	3.24	2.03	1.45	1.29	3.99	2.75	1.95	3.73	3.84
"Puerto de Asunción"			8.87	8.56	2.88	0.00	15.40	12.46	3.69	5.67	2.69	4.55	3.41	0.89	7.07	6.64	5.15	6.01	1.47	3.16	1.63	6.87	4.63	4.83	1.25	6.30
"Los Jardines"					7.92	6.92	13.05	15.40	0.00	4.03	12.52	10.38	12.82	11.44	12.52	15.93	8.87	8.76	10.25	11.81	15.05	14.06	13.94	10.24	10.77	11.65	16.55	9.21
"Shopping Mariano"				7.05	4.06	10.57	12.46	4.03	0.00	10.23	8.37	10.13	9.21	10.11	13.12	7.07	6.13	7.57	10.29	12.42	11.82	11.19	8.84	7.94	9.63	13.69	6.88
"La Bomba"						5.32	6.18	0.81	3.69	12.52	10.23	0.00	2.20	1.45	1.09	0.42	3.81	3.72	4.11	2.78	2.45	2.72	1.59	2.10	3.19	2.71	1.15	4.48	3.39
"Gran Via"						3.20	4.41	2.87	5.67	10.38	8.37	2.20	0.00	3.02	1.14	2.31	5.93	1.53	2.50	1.91	2.20	4.89	3.69	4.04	1.60	2.36	1.29	6.60	1.58
"España"						6.21	6.11	0.86	2.69	12.82	10.13	1.45	3.02	0.00	1.96	1.04	3.11	4.39	4.09	2.59	3.88	2.29	2.26	1.12	4.38	2.19	2.43	3.75	3.64
"España Unicompra"				4.33	5.16	1.73	4.55	11.44	9.21	1.09	1.14	1.96	0.00	1.17	4.79	2.65	3.12	1.97	2.25	3.75	2.65	2.93	2.42	2.11	0.72	5.46	2.33
"Superseis Eusebio Ayala"		5.49	6.05	0.56	3.41	12.52	10.11	0.42	2.31	1.04	1.17	0.00	3.62	3.80	3.98	2.58	2.85	2.58	1.75	1.80	3.47	2.42	1.45	4.29	3.33
"Superseis Total"				9.11	9.16	3.06	0.89	15.93	13.12	3.81	5.93	3.11	4.79	3.62	0.00	7.40	7.18	5.68	5.94	1.15	2.91	1.99	6.98	5.21	4.94	0.68	6.75
"Superseis Los Laureles"		1.94	3.33	4.36	7.07	8.87	7.07	3.72	1.53	4.39	2.65	3.80	7.40	0.00	1.97	2.42	3.22	6.39	5.21	5.46	1.86	3.04	2.79	8.06	1.24
"Stock IPS"						3.62	2.07	4.45	6.64	8.76	6.13	4.11	2.50	4.09	3.12	3.98	7.18	1.97	0.00	1.50	4.68	6.37	5.69	5.20	3.65	2.02	3.64	7.80	0.93
"Stock Brasilia"				4.35	3.53	3.00	5.15	10.25	7.57	2.78	1.91	2.59	1.97	2.58	5.68	2.42	1.50	0.00	4.00	4.88	4.33	3.69	3.47	0.63	2.64	6.30	1.28
"Stock Lambaré"					3.96	6.48	3.24	6.01	11.81	10.29	2.45	2.20	3.88	2.25	2.85	5.94	3.22	4.68	4.00	0.00	4.79	3.09	4.51	1.58	4.29	1.55	6.60	3.75
"Stock Barrio Obrero"			8.03	8.40	2.03	1.47	15.05	12.42	2.72	4.89	2.29	3.75	2.58	1.15	6.39	6.37	4.88	4.79	0.00	1.77	1.29	5.86	4.49	3.84	1.81	5.84
"Stock Felix Bogado"			6.64	7.76	1.45	3.16	14.06	11.82	1.59	3.69	2.26	2.65	1.75	2.91	5.21	5.69	4.33	3.09	1.77	0.00	2.06	4.33	4.16	2.45	3.54	4.97
"Citymarket Cerro Cora"			7.24	7.19	1.29	1.63	13.94	11.19	2.10	4.04	1.12	2.93	1.80	1.99	5.46	5.20	3.69	4.51	1.29	2.06	0.00	5.27	3.25	3.23	2.63	4.76
"Citymarket Terminal"			2.40	5.18	3.99	6.87	10.24	8.84	3.19	1.60	4.38	2.42	3.47	6.98	1.86	3.65	3.47	1.58	5.86	4.33	5.27	0.00	3.95	2.05	7.65	2.75
"Citymarket Artigas Norte"		4.98	3.95	2.75	4.63	10.77	7.94	2.71	2.36	2.19	2.11	2.42	5.21	3.04	2.02	0.63	4.29	4.49	4.16	3.25	3.95	0.00	2.82	5.81	1.91
"Citymarket Maravilla"			4.22	5.64	1.95	4.83	11.65	9.63	1.15	1.29	2.43	0.72	1.45	4.94	2.79	3.64	2.64	1.55	3.84	2.45	3.23	2.05	2.82	0.00	5.62	2.78
"Citymarket Sajonia II"			9.78	9.75	3.73	1.25	16.55	13.69	4.48	6.60	3.75	5.46	4.29	0.68	8.06	7.80	6.30	6.60	1.81	3.54	2.63	7.65	5.81	5.62	0.00	7.39
"Citymarket Avenida España"		3.13	2.86	3.84	6.30	9.21	6.88	3.39	1.58	3.64	2.33	3.33	6.75	1.24	0.93	1.28	3.75	5.84	4.97	4.76	2.75	1.91	2.78	7.39	0.00
400		300		0		0		100		0		
200		100		200		100		300		100		
100		100		100		0		200		200		
300		300		200		100		0		200		
200		200		300		200		100		300		
0		400		200		100		100		100		
100		0		300		200		400		0		
200		100		200		300		300		300		
400		0		100		0		100		400		
100		200		0		300		0		200		
100		300		300		300		0		100		
300		0		0		200		200		300		
200		100		100		400		100		500		
200		100		700		100		100		100		
300		200		300		300		200		100		
100		100		300		100		600		200		
100		200		0		100		300		100		
200		200		100		400		200		100		
0		300		0		100		0		0		
0		300		100		200		200		200
"Fuso Canter 7C15"		5500		673.53	408		6
"Renault Master SWB"	1600		443.82	204		5
"Renault Master LWB"	1400		415.37	189		5
"Renault Kangoo"		800			400.0	180		5
"Fiat Fiorino Van"		700			392.61	161		5