4	3	10
"CocaCola"						0.00	17.86	10.70	17.25	2.35	6.38	7.61
"Frigochaco"					17.86	0.00	10.40	16.85	17.32	15.64	22.11
"Pechugon"						10.70	10.40	0.00	8.90	11.53	12.59	17.54
"Granja Maehara (Yemita)"		17.25	16.85	8.90	0.00	18.85	20.93	24.80
"Mercado Municipal de Abasto"	2.35	17.32	11.53	18.85	0.00	4.13	6.05
"Estacion Botanico"				6.38	15.64	12.59	20.93	4.13	0.00	6.51
"Mercado 4"						7.61	22.11	17.54	24.80	6.05	6.51	0.00
"Mercado Municipal de Abasto"	0.00	4.13	6.05	7.92	0.58	1.92	6.21	2.40	4.98	9.11	1.51	3.62	2.75
"Estacion Botanico"				4.13	0.00	6.51	6.92	3.55	4.51	6.11	5.18	3.95	9.16	2.79	2.07	4.80
"Mercado 4"						6.05	6.51	0.00	13.05	5.92	7.92	0.86	3.99	2.75	3.06	6.46	4.45	3.36
"Los Jardines"					7.92	6.92	13.05	0.00	7.67	6.28	12.82	10.24	10.77	15.93	6.81	8.76	10.33
"Salemma Multiplaza"			0.58	3.55	5.92	7.67	0.00	2.01	6.01	2.57	4.62	8.98	1.00	3.12	2.76
"El Pueblo Mcal Estigarribia"	1.92	4.51	7.92	6.28	2.01	0.00	8.02	4.31	6.55	10.98	1.91	4.84	4.67
"España"						6.21	6.11	0.86	12.82	6.01	8.02	0.00	4.38	2.19	3.11	6.42	4.09	3.66
"Citymarket Terminal"			2.40	5.18	3.99	10.24	2.57	4.31	4.38	0.00	3.95	6.98	3.47	3.65	0.78
"Citymarket Artigas Norte"		4.98	3.95	2.75	10.77	4.62	6.55	2.19	3.95	0.00	5.21	4.75	2.02	3.18
"Superseis Total"				9.11	9.16	3.06	15.93	8.98	10.98	3.11	6.98	5.21	0.00	9.48	7.18	6.40
"Superseis Hiperseis"			1.51	2.79	6.46	6.81	1.00	1.91	6.42	3.47	4.75	9.48	0.00	2.94	3.52
"Stock IPS"						3.62	2.07	4.45	8.76	3.12	4.84	4.09	3.65	2.02	7.18	2.94	0.00	3.08
"Stock Terminal"				2.75	4.80	3.36	10.33	2.76	4.67	3.66	0.78	3.18	6.40	3.52	3.08	0.00
400		200		400		0		
200		500		700		300		
400		700		100		400		
0		200		100		300		
600		200		400		200		
400		0		200		700		
300		200		400		600		
200		200		200		100		
400		400		200		0		
100		400		300		400	
"Fuso Canter 7C15"		5500		673.53	408		4
"Renault Master SWB"	1600		443.82	204		3
"Renault Master LWB"	1400		415.37	189		3
"Renault Kangoo"		800			400.0	180		3
"Fiat Fiorino Van"		700			392.61	161		3