2	3	5
"CocaCola"			0.00	2.39	2.35	6.38	7.61
"Mazzei"			2.39	0.00	4.01	8.11	7.34
"Abasto"			2.35	4.01	0.00	4.13	6.05
"Estacion Botanico"	6.38	8.11	4.13	0.00	6.51
"Mercado 4"			7.61	7.34	6.05	6.51	0.00
"Abasto"					0.00	4.13	6.05	3.20	7.24	4.45	9.11	3.62
"Estacion Botanico"			4.13	0.00	6.51	4.41	7.19	1.38	9.16	2.07
"Mercado 4"					6.05	6.51	0.00	2.87	1.29	5.35	3.06	4.45
"Gran Via"					3.20	4.41	2.87	0.00	4.04	3.68	5.93	2.50
"Citymarket Cerro Cora"		7.24	7.19	1.29	4.04	0.00	5.91	1.99	5.20
"Citymarket Artigas Sur"	4.45	1.38	5.35	3.68	5.91	0.00	7.86	1.19
"Superseis Total"			9.11	9.16	3.06	5.93	1.99	7.86	0.00	7.18
"Stock IPS"					3.62	2.07	4.45	2.50	5.20	1.19	7.18	0.00
450		300		
700		550		
400		100		
0		250		
600		700
"Fuso Canter 7C15"		5500		673.53	408		2
"Renault Master SWB"	1600		443.82	204		1
"Renault Master LWB"	1400		415.37	189		1
"Renault Kangoo"		800			400.0	180		2
"Fiat Fiorino Van"		700			392.61	161		2