10	5	50
"CocaCola"						0.00	17.86	10.70	17.25	2.39	4.17	4.77	12.06	3.40	8.81	2.35	6.38	7.61	10.49	7.25
"Frigochaco"					17.86	0.00	10.40	16.85	20.22	13.83	18.65	20.36	14.51	9.16	17.32	15.64	22.11	24.15	22.96
"Pechugon"						10.70	10.40	0.00	8.90	12.61	6.87	9.32	9.99	7.67	4.63	11.53	12.59	17.54	20.27	17.66
"Granja Maehara (Yemita)"		17.25	16.85	8.90	0.00	18.34	14.54	13.60	8.31	15.18	13.53	18.85	20.93	24.80	27.67	24.49
"Mazzei"						2.39	20.22	12.61	18.34	0.00	6.44	4.91	12.20	5.72	11.13	4.01	8.11	7.34	10.13	6.49
"Cervepar"						4.17	13.83	6.87	14.54	6.44	0.00	5.69	11.33	0.81	4.69	4.65	6.53	10.68	13.45	10.79
"Pulp"							4.77	18.65	9.32	13.60	4.91	5.69	0.00	7.38	5.50	9.68	7.06	10.82	12.07	14.92	11.37
"Granja Guarapi"				12.06	20.36	9.99	8.31	12.20	11.33	7.38	0.00	11.59	13.21	14.24	17.58	19.45	22.29	18.69
"Laboratorios Lasca"			3.40	14.51	7.67	15.18	5.72	0.81	5.50	11.59	0.00	5.41	3.87	6.06	9.91	12.70	9.99
"Cartones Yaguarete"			8.81	9.16	4.63	13.53	11.13	4.69	9.68	13.21	5.41	0.00	8.69	8.54	14.29	16.80	14.76
"Mercado Municipal de Abasto"	2.35	17.32	11.53	18.85	4.01	4.65	7.06	14.24	3.87	8.69	0.00	4.13	6.05	8.87	6.17
"Estacion Botanico"				6.38	15.64	12.59	20.93	8.11	6.53	10.82	17.58	6.06	8.54	4.13	0.00	6.51	8.56	7.58
"Mercado 4"						7.61	22.11	17.54	24.80	7.34	10.68	12.07	19.45	9.91	14.29	6.05	6.51	0.00	2.88	1.66
"Puerto de Asunción"			10.49	24.15	20.27	27.67	10.13	13.45	14.92	22.29	12.70	16.80	8.87	8.56	2.88	0.00	3.76
"CDC IPS Lambare"				7.25	22.96	17.66	24.49	6.49	10.79	11.37	18.69	9.99	14.76	6.17	7.58	1.66	3.76	0.00
"Mercado Municipal de Abasto"			0.00	4.13	6.05	8.87	6.17	7.92	0.58	1.92	6.21	4.33	3.20	5.32	2.40	4.98	4.22	9.78	7.24	10.77	3.07	5.53	4.10	6.77	2.39	8.44	4.38	4.45	7.97	6.62	4.66	4.12	5.80	2.73	5.23	3.13	2.23	5.49	9.11	1.94	2.30	3.43	1.51	7.64	2.57	4.62	6.03	6.64	7.05	8.03	3.96	4.35	3.62	2.75	3.07	4.14	1.70
"Estacion Botanico"						4.13	0.00	6.51	8.56	7.58	6.92	3.55	4.51	6.11	5.16	4.41	6.18	5.18	3.95	5.64	9.75	7.19	10.92	1.09	1.66	7.06	8.48	5.52	8.43	6.04	1.38	8.58	8.53	5.42	2.28	6.27	6.26	8.05	2.86	5.61	6.05	9.16	3.33	2.35	6.11	2.79	9.05	1.75	4.54	3.10	7.76	4.06	8.40	6.48	3.53	2.07	4.80	6.90	4.84	5.83
"Mercado 4"								6.05	6.51	0.00	2.88	1.66	13.05	5.92	7.92	0.86	1.73	2.87	0.81	3.99	2.75	1.95	3.73	1.29	4.76	6.34	8.03	4.00	12.81	8.42	2.40	10.36	5.35	2.10	2.84	1.39	8.36	11.52	4.94	4.04	3.84	4.69	0.56	3.06	4.36	6.98	3.54	6.46	13.66	6.59	1.98	9.61	1.45	10.57	2.03	3.24	3.00	4.45	3.36	5.71	9.82	6.48
"Puerto de Asunción"					8.87	8.56	2.88	0.00	3.76	15.40	8.69	10.70	2.69	4.55	5.67	3.69	6.87	4.63	4.83	1.25	1.63	2.43	8.66	9.85	6.69	15.59	11.25	0.67	13.10	7.22	1.96	4.59	4.23	10.66	14.13	7.79	6.45	6.30	7.57	3.41	0.89	7.07	9.52	6.38	9.10	16.41	9.04	4.39	11.60	3.16	12.46	1.47	6.01	5.15	6.64	6.23	8.53	12.45	9.36
"CDC IPS Lambare"						6.17	7.58	1.66	3.76	0.00	13.72	6.20	8.09	2.52	2.42	3.35	1.48	3.81	4.17	2.06	4.16	2.55	4.89	7.20	9.19	3.03	12.86	8.40	3.12	10.54	6.58	2.08	1.18	2.17	9.17	11.91	4.35	2.69	4.75	4.32	1.77	3.53	4.85	7.58	2.98	6.93	13.77	7.31	3.20	10.62	0.62	11.62	2.39	2.50	4.25	5.53	3.45	4.98	10.21	6.15
"Los Jardines"							7.92	6.92	13.05	15.40	13.72	0.00	7.67	6.28	12.82	11.44	10.38	12.52	10.24	10.77	11.65	16.55	13.94	17.69	6.75	6.09	12.02	4.96	6.71	15.20	4.64	8.31	15.15	14.38	11.76	4.74	2.79	10.61	13.15	9.21	10.15	12.52	15.93	8.87	6.14	11.30	6.81	4.69	6.46	11.13	4.30	14.06	4.03	15.05	11.81	10.25	8.76	10.33	10.75	3.93	9.00
"Salemma Multiplaza"					0.58	3.55	5.92	8.69	6.20	7.67	0.00	2.01	6.01	4.20	3.05	5.23	2.57	4.62	4.19	9.65	7.07	10.68	2.49	4.96	4.39	6.90	2.69	8.30	4.44	3.90	7.91	6.75	4.53	3.66	5.71	3.12	5.51	2.72	2.56	5.37	8.98	1.63	1.81	3.63	1.00	7.74	2.01	4.36	5.54	6.64	6.57	7.94	4.14	3.98	3.12	2.76	3.56	4.01	2.27
"El Pueblo Mcal Estigarribia"			1.92	4.51	7.92	10.70	8.09	6.28	2.01	0.00	8.02	6.19	5.05	7.21	4.31	6.55	6.14	11.66	9.08	12.67	3.46	5.45	5.88	4.89	1.02	10.31	2.45	5.33	9.88	8.51	6.53	3.45	3.94	4.39	7.00	4.64	4.02	7.36	10.98	3.64	2.17	5.31	1.91	5.74	2.78	6.36	5.34	8.56	6.25	9.93	5.84	5.92	4.84	4.67	4.48	2.37	2.73
"España"								6.21	6.11	0.86	2.69	2.52	12.82	6.01	8.02	0.00	1.96	3.02	1.45	4.38	2.19	2.43	3.75	1.12	4.87	6.07	7.55	4.68	12.91	8.60	2.38	10.42	4.86	2.54	3.70	1.68	8.09	11.46	5.46	4.84	3.64	5.13	1.04	3.11	4.39	6.86	4.11	6.42	13.73	6.41	1.72	9.20	2.26	10.13	2.29	3.88	2.59	4.09	3.66	6.26	9.77	6.85
"España Unicompra"						4.33	5.16	1.73	4.55	2.42	11.44	4.20	6.19	1.96	0.00	1.14	1.09	2.42	2.11	0.72	5.46	2.93	6.48	4.81	6.77	3.09	11.08	6.71	4.12	8.63	4.20	3.75	3.41	0.34	6.81	9.82	3.57	3.60	2.33	3.18	1.17	4.79	2.65	5.32	2.31	4.76	11.93	4.98	1.06	8.21	2.65	9.21	3.75	2.25	1.97	3.12	1.70	4.40	8.11	4.88
"Gran Via"								3.20	4.41	2.87	5.67	3.35	10.38	3.05	5.05	3.02	1.14	0.00	2.20	1.60	2.36	1.29	6.60	4.04	7.62	3.88	6.06	2.94	9.94	5.59	5.25	7.49	3.68	4.87	4.16	1.48	5.82	8.69	2.90	3.77	1.58	2.38	2.31	5.93	1.53	4.25	1.99	3.64	10.79	3.96	1.58	7.35	3.69	8.37	4.89	2.20	1.91	2.50	0.82	3.74	6.99	3.91
"La Bomba"								5.32	6.18	0.81	3.69	1.48	12.52	5.23	7.21	1.45	1.09	2.20	0.00	3.19	2.71	1.15	4.48	2.10	5.46	5.88	7.76	3.24	12.08	7.67	3.18	9.66	5.12	2.68	2.60	0.77	7.88	10.89	4.13	3.41	3.39	3.88	0.42	3.81	3.72	6.41	2.74	5.83	12.95	6.07	1.73	9.24	1.59	10.23	2.72	2.45	2.78	4.11	2.59	4.91	9.18	5.68
"Citymarket Terminal"					2.40	5.18	3.99	6.87	3.81	10.24	2.57	4.31	4.38	2.42	1.60	3.19	0.00	3.95	2.05	7.65	5.27	8.56	4.38	6.81	1.92	9.05	4.59	6.37	6.75	4.82	5.72	4.22	2.70	6.04	8.20	1.32	3.00	2.75	0.79	3.47	6.98	1.86	4.24	1.07	3.47	9.96	4.20	3.15	7.80	4.33	8.84	5.86	1.58	3.47	3.65	0.78	2.15	6.53	2.49
"Citymarket Artigas Norte"				4.98	3.95	2.75	4.63	4.17	10.77	4.62	6.55	2.19	2.11	2.36	2.71	3.95	0.00	2.82	5.81	3.25	6.97	4.04	5.36	5.12	11.35	7.30	4.48	8.81	2.67	4.72	5.31	2.16	6.03	9.63	5.26	5.71	1.91	4.72	2.42	5.21	3.04	5.02	4.24	4.75	12.10	4.49	1.06	7.03	4.16	7.94	4.49	4.29	0.63	2.02	3.18	6.10	7.98	6.09
"Citymarket Maravilla"					4.22	5.64	1.95	4.83	2.06	11.65	4.19	6.14	2.43	0.72	1.29	1.15	2.05	2.82	0.00	5.62	3.23	6.56	5.17	7.27	2.39	10.98	6.55	4.33	8.59	4.78	3.74	2.89	0.81	7.11	9.89	3.04	2.89	2.78	2.75	1.45	4.94	2.79	5.52	1.69	4.88	11.86	5.25	1.78	8.62	2.45	9.63	3.84	1.55	2.64	3.64	1.47	3.84	8.19	4.53
"Citymarket Sajonia II"					9.78	9.75	3.73	1.25	4.16	16.55	9.65	11.66	3.75	5.46	6.60	4.48	7.65	5.81	5.62	0.00	2.63	1.19	9.80	11.08	7.19	16.54	12.15	1.37	14.09	8.43	2.08	4.71	5.13	11.81	15.20	8.43	6.76	7.39	8.30	4.29	0.68	8.06	10.60	7.02	10.14	17.39	10.15	5.46	12.81	3.54	13.69	1.81	6.60	6.30	7.80	7.07	9.11	13.50	10.12
"Citymarket Cerro Cora"					7.24	7.19	1.29	1.63	2.55	13.94	7.07	9.08	1.12	2.93	4.04	2.10	5.27	3.25	3.23	2.63	0.00	3.76	7.18	8.60	5.25	13.97	9.63	1.26	11.50	5.91	1.66	3.61	2.60	9.20	12.57	6.23	5.17	4.76	5.98	1.80	1.99	5.46	7.97	4.83	7.52	14.80	7.52	2.83	10.28	2.06	11.19	1.29	4.51	3.69	5.20	4.61	7.00	10.88	7.76
"Citymarket Sajonia I"					10.77	10.92	4.76	2.43	4.89	17.69	10.68	12.67	4.87	6.48	7.62	5.46	8.56	6.97	6.56	1.19	3.76	0.00	10.94	12.26	7.90	17.54	13.11	2.50	15.11	9.61	2.85	5.21	6.15	12.96	16.27	9.24	7.33	8.50	9.16	5.32	1.77	9.12	11.70	7.85	11.21	18.40	11.27	6.58	13.99	4.30	14.87	2.74	7.39	7.45	8.95	8.03	9.87	14.57	10.99
"Citymarket Julio Correa"				3.07	1.09	6.34	8.66	7.20	6.75	2.49	3.46	6.07	4.81	3.88	5.88	4.38	4.04	5.17	9.80	7.18	10.94	0.00	2.50	6.29	7.69	4.46	8.44	5.18	1.97	8.44	8.04	5.11	2.03	5.68	5.35	7.34	2.50	4.71	5.83	9.18	2.57	1.33	5.37	1.70	8.33	0.69	4.39	3.48	7.46	4.51	8.31	5.79	3.51	2.02	4.12	5.93	4.11	4.77
"Citymarket Zeballos Cue"				5.53	1.66	8.03	9.85	9.19	6.09	4.96	5.45	7.55	6.77	6.06	7.76	6.81	5.36	7.27	11.08	8.60	12.26	2.50	0.00	8.71	8.63	6.46	9.79	6.40	2.69	10.07	10.16	7.02	2.26	6.13	7.84	9.71	4.49	7.20	7.60	10.52	4.96	3.39	7.76	4.06	9.04	2.97	6.07	1.84	9.33	2.61	9.84	8.13	5.03	3.66	6.46	8.44	5.04	7.22
"Citymarket San Isidro"					4.10	7.06	4.00	6.69	3.03	12.02	4.39	5.88	4.68	3.09	2.94	3.24	1.92	5.12	2.39	7.19	5.25	7.90	6.29	8.71	0.00	10.33	5.92	6.09	8.22	6.56	5.11	2.89	3.19	7.95	9.82	1.55	1.13	4.44	1.87	3.65	6.55	3.74	6.13	0.97	5.35	11.27	6.11	4.11	9.72	3.65	10.76	5.40	0.84	4.80	5.37	2.29	1.99	8.21	3.45
"Citymarket 10 de Agosto"				6.77	8.48	12.81	15.59	12.86	4.96	6.90	4.89	12.91	11.08	9.94	12.08	9.05	11.35	10.98	16.54	13.97	17.54	7.69	8.63	10.33	0.00	4.47	15.19	2.54	9.66	14.73	13.14	11.41	6.42	2.69	8.77	11.37	9.45	8.60	12.25	15.87	8.52	6.44	9.95	6.60	0.97	7.06	11.24	7.45	13.37	7.83	14.80	10.48	10.72	9.48	9.51	8.52	3.65	6.88
"Citymarket 11 de setiembre"			2.39	5.52	8.42	11.25	8.40	6.71	2.69	1.02	8.60	6.71	5.59	7.67	4.59	7.30	6.55	12.15	9.63	13.11	4.46	6.46	5.92	4.47	0.00	10.82	2.34	6.28	10.28	8.69	7.04	4.42	4.12	4.37	6.99	5.40	4.14	7.87	11.47	4.30	3.18	5.48	2.84	5.39	3.78	7.00	6.26	8.91	7.13	10.38	6.01	6.67	5.71	5.08	4.26	2.81	2.51
"Citymarket Manduvira"					8.44	8.43	2.40	0.67	3.12	15.20	8.30	10.31	2.38	4.12	5.25	3.18	6.37	4.48	4.33	1.37	1.26	2.50	8.44	9.79	6.09	15.19	10.82	0.00	12.73	7.12	1.30	3.92	3.78	10.46	13.83	7.23	5.80	6.02	7.04	2.95	0.73	6.70	9.23	5.82	8.77	16.04	8.79	4.10	11.50	2.51	12.40	0.80	5.43	4.95	6.45	5.76	7.95	12.13	8.85
"Citymarket Ingavi"						4.38	6.04	10.36	13.10	10.54	4.64	4.44	2.45	10.42	8.63	7.49	9.66	6.75	8.81	8.59	14.09	11.50	15.11	5.18	6.40	8.22	2.54	2.34	12.73	0.00	7.16	12.33	10.93	8.97	4.14	1.88	6.68	9.31	6.92	6.40	9.80	13.42	6.03	3.91	7.71	4.07	3.31	4.54	8.73	5.54	11.02	6.16	12.37	8.25	8.19	6.94	7.13	6.60	1.40	4.85
"Citymarket Artigas Sur"				4.45	1.38	5.35	7.22	6.58	8.31	3.90	5.33	4.86	4.20	3.68	5.12	4.82	2.67	4.78	8.43	5.91	9.61	1.97	2.69	6.56	9.66	6.28	7.12	7.16	0.00	7.38	7.61	4.41	3.65	7.57	6.05	7.44	2.12	5.40	4.94	7.86	3.06	3.28	5.59	3.44	10.28	2.64	3.41	4.38	6.68	5.28	7.15	5.87	2.35	1.19	4.27	6.78	6.06	6.04
"Citymarket 25 de agosto"				7.97	8.58	2.10	1.96	2.08	15.15	7.91	9.88	2.54	3.75	4.87	2.68	5.72	4.72	3.74	2.08	1.66	2.85	8.44	10.07	5.11	14.73	10.28	1.30	12.33	7.38	0.00	2.69	3.42	10.46	13.57	6.40	4.68	5.94	6.32	2.63	1.48	6.39	9.06	5.01	8.51	15.60	8.69	4.06	11.68	1.47	12.63	0.51	4.56	5.06	6.53	5.22	7.06	11.86	8.15
"Citymarket Campo Via"					6.62	8.53	2.84	4.59	1.18	14.38	6.75	8.51	3.70	3.41	4.16	2.60	4.22	5.31	2.89	4.71	3.61	5.21	8.04	10.16	2.89	13.14	8.69	3.92	10.93	7.61	2.69	0.00	3.21	9.95	12.41	4.41	2.13	5.67	4.55	2.94	4.16	5.57	8.28	3.22	7.57	14.07	8.08	4.30	11.51	1.55	12.53	3.13	2.68	5.33	6.51	4.05	4.87	10.74	6.29
"Citymarket Pinoza"						4.66	5.42	1.39	4.23	2.17	11.76	4.53	6.53	1.68	0.34	1.48	0.77	2.70	2.16	0.81	5.13	2.60	6.15	5.11	7.02	3.19	11.41	7.04	3.78	8.97	4.41	3.42	3.21	0.00	7.11	10.15	3.80	3.61	2.62	3.45	0.83	4.45	2.98	5.65	2.49	5.09	12.27	5.30	1.11	8.48	2.35	9.48	3.41	2.36	2.12	3.36	2.01	4.62	8.45	5.18
"Citymarket Primer Presidente"			4.12	2.28	8.36	10.66	9.17	4.74	3.66	3.45	8.09	6.81	5.82	7.88	6.04	6.03	7.11	11.81	9.20	12.96	2.03	2.26	7.95	6.42	4.42	10.46	4.14	3.65	10.46	9.95	7.11	0.00	4.04	6.78	9.04	4.52	6.19	7.85	11.19	4.39	1.85	7.09	2.65	6.89	1.88	6.41	1.93	9.46	2.93	10.34	7.56	5.52	4.02	5.94	7.19	2.79	5.70
"Citymarket Boqueron"					5.80	6.27	11.52	14.13	11.91	2.79	5.71	3.94	11.46	9.82	8.69	10.89	8.20	9.63	9.89	15.20	12.57	16.27	5.68	6.13	9.82	2.69	4.12	13.83	1.88	7.57	13.57	12.41	10.15	4.04	0.00	8.32	10.94	7.84	7.96	10.97	14.54	7.17	4.62	9.22	5.07	2.92	5.15	9.74	4.80	12.34	5.14	13.55	9.75	9.04	7.65	8.46	8.33	1.70	6.57
"Citymarket Ypati"						2.73	6.26	4.94	7.79	4.35	10.61	3.12	4.39	5.46	3.57	2.90	4.13	1.32	5.26	3.04	8.43	6.23	9.24	5.35	7.84	1.55	8.77	4.37	7.23	6.68	6.05	6.40	4.41	3.80	6.78	8.32	0.00	2.63	4.04	0.65	4.48	7.77	3.00	4.93	1.42	4.12	9.72	5.04	4.41	8.63	4.94	9.67	6.63	1.85	4.79	4.91	2.08	0.84	6.74	1.90
"Citymarket Tobati"						5.23	8.05	4.04	6.45	2.69	13.15	5.51	7.00	4.84	3.60	3.77	3.41	3.00	5.71	2.89	6.76	5.17	7.33	7.34	9.71	1.13	11.37	6.99	5.80	9.31	7.44	4.68	2.13	3.61	9.04	10.94	2.63	0.00	5.33	3.00	3.83	6.16	4.77	7.24	1.97	6.46	12.32	7.20	4.66	10.79	3.29	11.83	5.05	1.58	5.49	6.26	3.25	2.88	9.33	4.50
"Citymarket Avenida Espana"				3.13	2.86	3.84	6.30	4.75	9.21	2.72	4.64	3.64	2.33	1.58	3.39	2.75	1.91	2.78	7.39	4.76	8.50	2.50	4.49	4.44	9.45	5.40	6.02	6.92	2.12	5.94	5.67	2.62	4.52	7.84	4.04	5.33	0.00	3.41	3.33	6.75	1.24	3.22	3.47	2.86	10.22	2.77	1.93	5.87	4.97	6.88	5.84	3.75	1.28	0.93	2.15	4.82	6.16	4.42
"Citymarket Defensroes del Chaco"		2.23	5.61	4.69	7.57	4.32	10.15	2.56	4.02	5.13	3.18	2.38	3.88	0.79	4.72	2.75	8.30	5.98	9.16	4.71	7.20	1.87	8.60	4.14	7.04	6.40	5.40	6.32	4.55	3.45	6.19	7.96	0.65	3.00	3.41	0.00	4.19	7.63	2.35	4.35	1.36	3.55	9.53	4.42	3.94	8.03	4.88	9.07	6.49	1.88	4.22	4.27	1.57	1.42	6.34	1.83
"Superseis Eusebio Ayala"				5.49	6.05	0.56	3.41	1.77	12.52	5.37	7.36	1.04	1.17	2.31	0.42	3.47	2.42	1.45	4.29	1.80	5.32	5.83	7.60	3.65	12.25	7.87	2.95	9.80	4.94	2.63	2.94	0.83	7.85	10.97	4.48	3.83	3.33	4.19	0.00	3.62	3.80	6.44	3.10	5.90	13.10	6.06	1.53	9.14	1.75	10.11	2.58	2.85	2.58	3.98	2.81	5.27	9.27	5.96
"Superseis Total"						9.11	9.16	3.06	0.89	3.53	15.93	8.98	10.98	3.11	4.79	5.93	3.81	6.98	5.21	4.94	0.68	1.99	1.77	9.18	10.52	6.55	15.87	11.47	0.73	13.42	7.86	1.48	4.16	4.45	11.19	14.54	7.77	6.16	6.75	7.63	3.62	0.00	7.40	9.95	6.36	9.48	16.72	9.51	4.82	12.23	2.91	13.12	1.15	5.94	5.68	7.18	6.40	8.46	12.84	9.45
"Superseis Los Laureles"				1.94	3.33	4.36	7.07	4.85	8.87	1.63	3.64	4.39	2.65	1.53	3.72	1.86	3.04	2.79	8.06	5.46	9.12	2.57	4.96	3.74	8.52	4.30	6.70	6.03	3.06	6.39	5.57	2.98	4.39	7.17	3.00	4.77	1.24	2.35	3.80	7.40	0.00	2.73	2.81	2.11	9.34	2.51	2.72	6.03	5.21	7.07	6.39	3.22	2.42	1.97	1.56	3.73	5.47	3.18
"Superseis Denis Roa"					2.30	2.35	6.98	9.52	7.58	6.14	1.81	2.17	6.86	5.32	4.25	6.41	4.24	5.02	5.52	10.60	7.97	11.70	1.33	3.39	6.13	6.44	3.18	9.23	3.91	3.28	9.06	8.28	5.65	1.85	4.62	4.93	7.24	3.22	4.35	6.44	9.95	2.73	0.00	5.30	0.81	7.12	0.64	5.14	3.74	7.93	4.76	9.00	5.79	4.42	3.07	4.23	5.36	2.96	3.92
"Superseis Cacique Lambare"				3.43	6.11	3.54	6.38	2.98	11.30	3.63	5.31	4.11	2.31	1.99	2.74	1.07	4.24	1.69	7.02	4.83	7.85	5.37	7.76	0.97	9.95	5.48	5.82	7.71	5.59	5.01	3.22	2.49	7.09	9.22	1.42	1.97	3.47	1.36	3.10	6.36	2.81	5.30	0.00	4.54	10.87	5.23	3.28	8.82	3.55	9.86	5.22	0.54	3.88	4.40	1.33	2.17	7.57	3.17
"Superseis Hiperseis"					1.51	2.79	6.46	9.10	6.93	6.81	1.00	1.91	6.42	4.76	3.64	5.83	3.47	4.75	4.88	10.14	7.52	11.21	1.70	4.06	5.35	6.60	2.84	8.77	4.07	3.44	8.51	7.57	5.09	2.65	5.07	4.12	6.46	2.86	3.55	5.90	9.48	2.11	0.81	4.54	0.00	7.36	1.10	4.71	4.54	7.32	5.56	8.49	5.04	4.12	2.94	3.52	4.56	3.36	3.17
"Superseis San Lorenzo"					7.64	9.05	13.66	16.41	13.77	4.69	7.74	5.74	13.73	11.93	10.79	12.95	9.96	12.10	11.86	17.39	14.80	18.40	8.33	9.04	11.27	0.97	5.39	16.04	3.31	10.28	15.60	14.07	12.27	6.89	2.92	9.72	12.32	10.22	9.53	13.10	16.72	9.34	7.12	10.87	7.36	0.00	7.73	12.04	7.71	14.27	7.96	15.66	11.40	11.48	10.19	10.39	9.49	4.22	7.83
"Superseis La Galeria"					2.57	1.75	6.59	9.04	7.31	6.46	2.01	2.78	6.41	4.98	3.96	6.07	4.20	4.49	5.25	10.15	7.52	11.27	0.69	2.97	6.11	7.06	3.78	8.79	4.54	2.64	8.69	8.08	5.30	1.88	5.15	5.04	7.20	2.77	4.42	6.06	9.51	2.51	0.64	5.23	1.10	7.73	0.00	4.70	3.61	7.62	4.65	8.60	5.69	3.91	2.49	4.06	5.55	3.53	4.26
"Superseis Mundimark"					4.62	4.54	1.98	4.39	3.20	11.13	4.36	6.36	1.72	1.06	1.58	1.73	3.15	1.06	1.78	5.46	2.83	6.58	4.39	6.07	4.11	11.24	7.00	4.10	8.73	3.41	4.06	4.30	1.11	6.41	9.74	4.41	4.66	1.93	3.94	1.53	4.82	2.72	5.14	3.28	4.71	12.04	4.70	0.00	7.63	3.27	8.59	3.93	3.28	1.06	2.47	2.37	5.26	8.05	5.48
"Superseis El Portal"					6.03	3.10	9.61	11.60	10.62	4.30	5.54	5.34	9.20	8.21	7.35	9.24	7.80	7.03	8.62	12.81	10.28	13.99	3.48	1.84	9.72	7.45	6.26	11.50	5.54	4.38	11.68	11.51	8.48	1.93	4.80	8.63	10.79	5.87	8.03	9.14	12.23	6.03	3.74	8.82	4.54	7.71	3.61	7.63	0.00	10.83	1.04	11.50	9.26	6.63	5.16	7.59	9.09	4.13	7.63
"Stock Felix Bogado"					6.64	7.76	1.45	3.16	0.62	14.06	6.64	8.56	2.26	2.65	3.69	1.59	4.33	4.16	2.45	3.54	2.06	4.30	7.46	9.33	3.65	13.37	8.91	2.51	11.02	6.68	1.47	1.55	2.35	9.46	12.34	4.94	3.29	4.97	4.88	1.75	2.91	5.21	7.93	3.55	7.32	14.27	7.62	3.27	10.83	0.00	11.82	1.77	3.09	4.33	5.69	3.89	5.59	10.64	6.71
"Shopping Mariano"						7.05	4.06	10.57	12.46	11.62	4.03	6.57	6.25	10.13	9.21	8.37	10.23	8.84	7.94	9.63	13.69	11.19	14.87	4.51	2.61	10.76	7.83	7.13	12.40	6.16	5.28	12.63	12.53	9.48	2.93	5.14	9.67	11.83	6.88	9.07	10.11	13.12	7.07	4.76	9.86	5.56	7.96	4.65	8.59	1.04	11.82	0.00	12.42	10.29	7.57	6.13	8.63	10.12	4.79	8.62
"Stock Barrio Obrero"					8.03	8.40	2.03	1.47	2.39	15.05	7.94	9.93	2.29	3.75	4.89	2.72	5.86	4.49	3.84	1.81	1.29	2.74	8.31	9.84	5.40	14.80	10.38	0.80	12.37	7.15	0.51	3.13	3.41	10.34	13.55	6.63	5.05	5.84	6.49	2.58	1.15	6.39	9.00	5.22	8.49	15.66	8.60	3.93	11.50	1.77	12.42	0.00	4.79	4.88	6.37	5.30	7.31	11.85	8.32
"Stock Lambaré"							3.96	6.48	3.24	6.01	2.50	11.81	4.14	5.84	3.88	2.25	2.20	2.45	1.58	4.29	1.55	6.60	4.51	7.39	5.79	8.13	0.84	10.48	6.01	5.43	8.25	5.87	4.56	2.68	2.36	7.56	9.75	1.85	1.58	3.75	1.88	2.85	5.94	3.22	5.79	0.54	5.04	11.40	5.69	3.28	9.26	3.09	10.29	4.79	0.00	4.00	4.68	1.68	2.52	8.10	3.67
"Stock Brasilia"						4.35	3.53	3.00	5.15	4.25	10.25	3.98	5.92	2.59	1.97	1.91	2.78	3.47	0.63	2.64	6.30	3.69	7.45	3.51	5.03	4.80	10.72	6.67	4.95	8.19	2.35	5.06	5.33	2.12	5.52	9.04	4.79	5.49	1.28	4.22	2.58	5.68	2.42	4.42	3.88	4.12	11.48	3.91	1.06	6.63	4.33	7.57	4.88	4.00	0.00	1.50	2.72	5.62	7.38	5.51
"Stock IPS"								3.62	2.07	4.45	6.64	5.53	8.76	3.12	4.84	4.09	3.12	2.50	4.11	3.65	2.02	3.64	7.80	5.20	8.95	2.02	3.66	5.37	9.48	5.71	6.45	6.94	1.19	6.53	6.51	3.36	4.02	7.65	4.91	6.26	0.93	4.27	3.98	7.18	1.97	3.07	4.40	2.94	10.19	2.49	2.47	5.16	5.69	6.13	6.37	4.68	1.50	0.00	3.08	5.67	6.02	5.09
"Stock Terminal"						2.75	4.80	3.36	6.23	3.45	10.33	2.76	4.67	3.66	1.70	0.82	2.59	0.78	3.18	1.47	7.07	4.61	8.03	4.12	6.46	2.29	9.51	5.08	5.76	7.13	4.27	5.22	4.05	2.01	5.94	8.46	2.08	3.25	2.15	1.57	2.81	6.40	1.56	4.23	1.33	3.52	10.39	4.06	2.37	7.59	3.89	8.63	5.30	1.68	2.72	3.08	0.00	2.92	6.77	3.19
"Stock Villla Elisa"					3.07	6.90	5.71	8.53	4.98	10.75	3.56	4.48	6.26	4.40	3.74	4.91	2.15	6.10	3.84	9.11	7.00	9.87	5.93	8.44	1.99	8.52	4.26	7.95	6.60	6.78	7.06	4.87	4.62	7.19	8.33	0.84	2.88	4.82	1.42	5.27	8.46	3.73	5.36	2.17	4.56	9.49	5.55	5.26	9.09	5.59	10.12	7.31	2.52	5.62	5.67	2.92	0.00	6.84	1.77
"Stock Mcal Lopez"						4.14	4.84	9.82	12.45	10.21	3.93	4.01	2.37	9.77	8.11	6.99	9.18	6.53	7.98	8.19	13.50	10.88	14.57	4.11	5.04	8.21	3.65	2.81	12.13	1.40	6.06	11.86	10.74	8.45	2.79	1.70	6.74	9.33	6.16	6.34	9.27	12.84	5.47	2.96	7.57	3.36	4.22	3.53	8.05	4.13	10.64	4.79	11.85	8.10	7.38	6.02	6.77	6.84	0.00	5.08
"Stock Acceso Sur"						1.70	5.83	6.48	9.36	6.15	9.00	2.27	2.73	6.85	4.88	3.91	5.68	2.49	6.09	4.53	10.12	7.76	10.99	4.77	7.22	3.45	6.88	2.51	8.85	4.85	6.04	8.15	6.29	5.18	5.70	6.57	1.90	4.50	4.42	1.83	5.96	9.45	3.18	3.92	3.17	3.17	7.83	4.26	5.48	7.63	6.71	8.62	8.32	3.67	5.51	5.09	3.19	1.77	5.08	0.00
100		100		0		200		100		0		0		100		100		0		
0		200		300		0		0		300		0		100		0		100		
300		0		0		100		100		0		0		200		0		100		
0		0		100		0		100		0		0		200		100		200		
0		200		200		0		100		100		100		100		300		0		
100		0		0		200		200		0		100		100		100		0		
100		0		100		0		100		0		200		100		200		0		
0		300		0		100		0		0		0		300		100		0		
0		100		0		0		100		100		100		0		100		300		
0		0		100		0		0		100		100		0		0		0		
0		0		100		200		200		200		100		200		200		0		
100		200		200		100		0		0		0		0		0		100		
0		200		100		200		100		200		0		100		0		100		
0		0		200		0		200		0		0		0		0		100		
100		200		0		100		0		100		0		0		100		100		
200		100		300		0		100		0		300		100		100		100		
200		0		0		100		0		100		100		100		200		100		
400		0		100		0		0		100		100		200		100		500		
100		100		100		0		100		200		100		0		0		0		
200		100		0		100		0		100		400		200		0		0		
100		300		100		0		100		0		0		0		100		0		
0		100		100		100		0		100		200		0		100		100		
0		0		100		200		100		100		100		100		100		0		
100		0		0		100		200		200		100		0		200		100		
200		0		100		0		100		0		200		0		0		0		
0		0		100		100		0		200		0		200		0		0		
0		0		400		300		0		0		0		100		0		100		
100		100		100		0		100		100		0		0		100		0		
100		100		100		0		100		0		0		100		0		0		
200		200		100		0		200		0		300		0		100		100		
100		0		300		0		100		100		0		0		300		0		
0		100		0		100		100		0		0		200		0		100		
0		100		100		100		0		100		0		0		0		100		
0		300		0		0		100		400		0		300		0		0		
0		0		0		700		200		100		200		100		0		100		
100		100		100		0		100		200		100		0		100		200		
300		0		200		0		0		200		0		0		0		400		
200		0		0		0		0		0		100		100		200		100		
0		100		0		200		100		0		100		0		100		100		
0		0		0		0		0		100		400		0		100		200		
100		0		0		0		200		100		200		0		100		0		
100		100		0		100		0		0		0		0		0		100		
0		200		300		100		0		0		200		100		0		0		
0		100		0		100		300		100		200		100		300		100		
200		100		0		300		100		100		0		200		0		100		
200		0		100		100		200		100		0		0		0		100		
0		200		0		0		0		0		0		300		0		0		
100		0		0		100		0		200		0		100		100		100		
100		200		0		100		100		100		0		0		300		0		
0		0		0		0		200		0		100		100		200		200					
"Fuso Canter 7C15"		5500		673.53	408		10
"Renault Master SWB"	1600		443.82	204		10
"Renault Master LWB"	1400		415.37	189		10
"Renault Kangoo"		800			400.0	180		10
"Fiat Fiorino Van"		700			392.61	161		10